1
1
1
1
1
1
1
1
1
1
1
1
1
1
1
1
1
1
1
1
1
1
1
1
1
1
1
1
1
1
1
1
1
1
1
1
1
1
1
1
1
1
1
1
1
1
1
1
1
1
1
1
1
1
1
1
1
1
1
1
1
1
1
1
1
1
1
1
1
1
1
0,981818181818182
0,963636363636364
0,945454545454545
0,927272727272727
0,909090909090909
0,890909090909091
0,872727272727273
0,854545454545455
0,836363636363636
0,818181818181818
0,8
0,781818181818182
0,763636363636364
0,745454545454545
0,727272727272727
0,709090909090909
0,690909090909091
0,672727272727273
0,654545454545455
0,636363636363636
0,618181818181818
0,6
0,581818181818182
0,563636363636364
0,545454545454545
0,527272727272727
0,509090909090909
0,490909090909091
0,472727272727273
0,454545454545455
0,436363636363636
0,418181818181818
0,4
0,381818181818182
0,363636363636364
0,345454545454545
0,327272727272727
0,309090909090909
0,290909090909091
0,272727272727273
0,254545454545455
0,236363636363636
0,218181818181818
0,2
0,181818181818182
0,163636363636364
0,145454545454546
0,127272727272727
0,109090909090909
0,0909090909090909
0,0727272727272728
0,0545454545454546
0,0363636363636364
0,0181818181818182
0
-0,0181818181818181
-0,0363636363636364
