0,0242952356080387
0,0248807365266281
0,0254803476737084
0,0260944090975045
0,0267232690412039
0,0273672841404508
0,0280268196255987
0,0287022495288386
0,0293939568963175
0,03010233400537
0,030827782586984
0,0315707140536285
0,0323315497325715
0,0331107211048209
0,0339086700498238
0,0347258490960623
0,0355627216776895
0,0364197623973497
0,0372974572953321
0,0381963041252118
0,0391168126361328
0,0400595048618944
0,0410249154170041
0,0420135917998649
0,0430260947032705
0,0440629983323814
0,0451248907303656
0,0462123741118865
0,047326065204627
0,0484665955990457
0,0496346121065602
0,0508307771263636
0,0520557690210811
0,0533102825014787
0,0545950290204443
0,0559107371764627
0,0572581531268146
0,0586380410107333
0,060051183382759
0,0614983816565371
0,0629804565593115
0,0644982485973708
0,0660526185327121
0,0676444478711912
0,0692746393624377
0,0709441175118176
0,0726538291047334
0,0744047437435601
0,0761978543975209
0,0780341779658146
0,0799147558543137
0,081840654566161
0,0838129663065991
0,085832809602376
0,0879013299360776
0,0900197003957481
0,0921891223401648
0,0944108260801465
0,0966860715762808
0,0990161491534656
0,101402380232672
0,10384611808034
0,106348748575838
0,108911690997412
0,111536398827083
0,114224360574933
0,116977100623265
0,1197961800911
0,122683197719513
0,125639790778297
0,12866763599449
0,131768450503264
0,134943992821744
0,138196063846283
0,14152650787378
0,144937213647608
0,148430115428745
0,152007194092725
0,155670478253016
0,159422045411486
0,163264023136573
0,167198590269868
0,171227978161767
0,175354471936899
0,179580411790054
0,183908194313346
0,188340273855352
0,192879163913005
0,197527438557045
0,202287733891802
0,207162749550174
0,212155250224627
0,217268067235094
0,222504100134655
0,22786631835392
0,23335776288503
0,238981548006256
0,244740863048143
0,250638974202235
0,256679226373371
0,262865045076635
0,269199938380016
0,275687498893879
0,282331405808392
0,289135426980047
0,296103421068466
0,303239339724702
0,31054722983228
0,318031235802242
0,325695601923504
0,333544674769854
0,341582905664957
0,349814853206767
0,358245185852769
0,366878684567539
0,375720245534089
0,384774882930569
0,39404773177388
0,403544050831817
0,41326922560539
0,423228771383025
0,43342833636836
0,443873704883428
0,454570800649024
0,465525690144142
0,476744586046357
0,488233850755126
0,5
0,501960784313725
0,505882352941176
0,509803921568627
0,513725490196078
0,517647058823529
0,52156862745098
0,525490196078431
0,529411764705882
0,533333333333333
0,537254901960784
0,541176470588235
0,545098039215686
0,549019607843137
0,552941176470588
0,556862745098039
0,56078431372549
0,564705882352941
0,568627450980392
0,572549019607843
0,576470588235294
0,580392156862745
0,584313725490196
0,588235294117647
0,592156862745098
0,596078431372549
0,6
0,603921568627451
0,607843137254902
0,611764705882353
0,615686274509804
0,619607843137255
0,623529411764706
0,627450980392157
0,631372549019608
0,635294117647059
0,63921568627451
0,643137254901961
0,647058823529412
0,650980392156863
0,654901960784314
0,658823529411765
0,662745098039216
0,666666666666667
0,670588235294118
0,674509803921569
0,67843137254902
0,682352941176471
0,686274509803922
0,690196078431373
0,694117647058824
0,698039215686274
0,701960784313725
0,705882352941177
0,709803921568627
0,713725490196078
0,717647058823529
0,72156862745098
0,725490196078431
0,729411764705882
0,733333333333333
0,737254901960784
0,741176470588235
0,745098039215686
0,749019607843137
0,752941176470588
0,756862745098039
0,76078431372549
0,764705882352941
0,768627450980392
0,772549019607843
0,776470588235294
0,780392156862745
0,784313725490196
0,788235294117647
0,792156862745098
0,796078431372549
0,8
0,803921568627451
0,807843137254902
0,811764705882353
0,815686274509804
0,819607843137255
0,823529411764706
0,827450980392157
0,831372549019608
0,835294117647059
0,83921568627451
0,843137254901961
0,847058823529412
0,850980392156863
0,854901960784314
0,858823529411765
0,862745098039216
0,866666666666667
0,870588235294118
0,874509803921569
0,87843137254902
0,882352941176471
0,886274509803922
0,890196078431373
0,894117647058824
0,898039215686275
0,901960784313726
0,905882352941176
0,909803921568627
0,913725490196078
0,917647058823529
0,92156862745098
0,925490196078431
0,929411764705882
0,933333333333333
0,937254901960784
0,941176470588235
0,945098039215686
0,949019607843137
0,952941176470588
0,956862745098039
0,96078431372549
0,964705882352941
0,968627450980392
0,972549019607843
0,976470588235294
0,980392156862745
0,984313725490196
0,988235294117647
0,992156862745098
0,996078431372549
1
