0
0.00172176928482276
0.00345352297018094
0.00519531895480418
0.00694721547317186
0.00870927109746065
0.0104815447395023
0.0122640956527536
0.0140569834342775
0.0158602680267351
0.0176740097203905
0.019498269155126
0.0213331073224696
0.0231785855676344
0.0250347655915691
0.0269017094530217
0.0287794795706135
0.0306681387249264
0.0325677500606016
0.0344783770884514
0.0364000836875818
0.0383329341075288
0.040276992970406
0.0422323252730655
0.044198996389271
0.0461770720718831
0.0481666184550583
0.0501677020564592
0.0521803897794795
0.0542047489154797
0.056240847146038
0.0582887525452121
0.0603485335818159
0.0624202591217084
0.064503998430096
0.0665998211738485
0.0687077974238283
0.070827997657233
0.0729604927599517
0.0751053540289351
0.077262653174579
0.0794324623231222
0.0816148540190575
0.0838099012275576
0.086017677336914
0.0882382561609911
0.090471711941694
0.0927181193514504
0.0949775534957076
0.097250089915443
0.0995358045896904
0.101834773938079
0.104147074823391
0.106472784554128
0.108811980887098
0.111164742030013
0.113531146644108
0.115911273846766
0.118305203214167
0.120713014783943
0.123134789057863
0.125570607004516
0.128020550062021
0.130484700140752
0.132963139626074
0.135455951381096
0.137963218749447
0.140485025558056
0.143021456119958
0.145572595237115
0.148138528203246
0.150719340806682
0.153315119333233
0.155925950569075
0.15855192180365
0.161193120832582
0.163849635960618
0.166521556004573
0.169208970296308
0.171911968685709
0.174630641543696
0.177365079765241
0.18011537477241
0.182881618517418
0.185663903485703
0.188462322699018
0.191276969718543
0.19410793864801
0.196955324136853
0.199819221383369
0.202699726137903
0.205596934706046
0.208510943951862
0.211441851301117
0.214389754744544
0.217354752841116
0.22033694472134
0.223336430090575
0.226353309232362
0.229387683011778
0.232439652878809
0.23550932087174
0.23859678962057
0.241702162350438
0.244825542885081
0.247967035650298
0.251126745677447
0.254304778606953
0.257501240691841
0.26071623880129
0.263949880424205
0.267202273672809
0.270473527286259
0.273763750634282
0.277073053720832
0.280401547187766
0.283749342318545
0.287116551041953
0.29050328593584
0.293909660230886
0.297335787814387
0.300781783234061
0.304247761701881
0.307733839097922
0.311240131974241
0.314766757558769
0.318313833759233
0.321881479167097
0.325469813061529
0.329078955413385
0.332709026889223
0.336360148855336
0.340032443381813
0.343726033246613
0.347441041939679
0.351177593667059
0.354935813355064
0.35871582665444
0.362517759944575
0.366341740337717
0.37018789568323
0.374056354571865
0.377947246340063
0.381860701074272
0.385796849615305
0.389755823562707
0.39373775527916
0.397742777894907
0.4017710253122
0.405822632209782
0.409897734047386
0.413996467070264
0.418118968313745
0.422265375607813
0.426435827581718
0.430630463668611
0.434849424110201
0.439092849961451
0.443360883095288
0.44765366620735
0.451971342820753
0.456314057290896
0.46068195481028
0.465075181413366
0.469493883981458
0.473938210247613
0.478408308801577
0.482904329094761
0.487426421445227
0.491974737042725
0.496549427953737
0.50115064712657
0.505778548396463
0.510433286490734
0.515115017033953
0.519823896553145
0.524560082483019
0.529323733171239
0.534115007883713
0.538934066809917
0.543781071068255
0.548656182711445
0.553559564731932
0.558491381067342
0.563451796605965
0.56844097719226
0.573459089632409
0.578506301699886
0.583582782141073
0.588688700680896
0.593824228028504
0.598989535882972
0.604184796939047
0.609410184892916
0.614665874448019
0.619952041320886
0.625268862247011
0.630616514986764
0.635995178331336
0.641405032108709
0.646846257189675
0.652319035493881
0.657823549995912
0.663359984731407
0.668928524803211
0.674529356387569
0.680162666740344
0.685828644203283
0.691527478210309
0.697259359293858
0.703024479091249
0.70882303035109
0.714655206939721
0.7205212038477
0.726421217196316
0.732355444244153
0.738324083393678
0.744327334197881
0.750365397366942
0.756438474774943
0.762546769466618
0.76869048566414
0.774869828773952
0.781085005393629
0.787336223318791
0.793623691550049
0.799947620299988
0.806308221000203
0.812705706308359
0.819140290115309
0.825612187552241
0.83212161499787
0.838668790085676
0.845253931711176
0.851877260039246
0.858538996511477
0.865239363853586
0.871978586082855
0.878756888515626
0.885574497774833
0.892431641797575
0.899328549842742
0.906265452498678
0.913242581690888
0.920260170689797
0.927318454118543
0.934417667960828
0.941558049568803
0.948739837671003
0.955963272380334
0.963228595202093
0.970536049042051
0.977885878214567
0.98527832845076
0.992713646906724
1.00019208217179
