1,0000001
1,0000001
1,0000001
1,0000001
1,0000001
1,0000001
1,0000001
1,0000001
1,0000001
1,0000001
1,0000001
1,0000001
1,0000001
1,0000001
1,0000001
1,0000001
1,0000001
1,0000001
1,0000001
1,0000001
1,0000001
1,0000001
1,0000001
1,0000001
1,0000001
1,0000001
1,0000001
1,0000001
1,0000001
1,0000001
1,0000001
1,0000001
1,0000001
1,0000001
1,0000001
1,0000001
1,0000001
1,0000001
1,0000001
1,0000001
1,0000001
1,0000001
1,0000001
1,0000001
1,0000001
1,0000001
1,0000001
1,0000001
1,0000001
1,0000001
1,0000001
1,0000001
1,0000001
1,0000001
1,0000001
1,0000001
1,0000001
1,0000001
1,0000001
1,0000001
1,0000001
1,0000001
1,0000001
1,0000001
1,0000001
1,0000001
1,0000001
1,0000001
1,0000001
1,0000001
1,0000001
1,0000001
1,0000001
1,0000001
1,0000001
1,0000001
1,0000001
1,0000001
1,0000001
1,0000001
1,0000001
1,0000001
1,0000001
1,0000001
1,0000001
1,0000001
1,0000001
1,0000001
1,0000001
1,0000001
1,0000001
1,0000001
1,0000001
1,0000001
1,0000001
1,0000001
1,0000001
1,0000001
1,0000001
1,0000001
1,0000001
1,0000001
1,0000001
1,0000001
1,0000001
1,0000001
1,0000001
1,0000001
1,0000001
1,0000001
1,0000001
1,0000001
1,0000001
1,0000001
1,0000001
1,0000001
1,0000001
1,0000001
1,0000001
1,0000001
1,0000001
1,0000001
1,0000001
1,0000001
1,0000001
1,0000001
1,0000001
1,0000001
1,0000001
1,0000001
1,0000001
0,992
0,984
0,976
0,968
0,96
0,952
0,944
0,936
0,928
0,92
0,912
0,904
0,896
0,888
0,88
0,872
0,864
0,856
0,848
0,84
0,832
0,824
0,816
0,808
0,8
0,792
0,784
0,776
0,768
0,76
0,752
0,744
0,736
0,728
0,72
0,712
0,704
0,696
0,688
0,68
0,672
0,664
0,656
0,648
0,64
0,632
0,624
0,616
0,608
0,6
0,592
0,584
0,576
0,568
0,56
0,552
0,544
0,536
0,528
0,52
0,512
0,504
0,496
0,488
0,48
0,472
0,464
0,456
0,448
0,44
0,432
0,424
0,416
0,408
0,4
0,392
0,384
0,376
0,368
0,36
0,352
0,344
0,336
0,328
0,32
0,312
0,304
0,296
0,288
0,28
0,272
0,264
0,256
0,248
0,24
0,232
0,224
0,216
0,208
0,2
0,192
0,184
0,176
0,168
0,16
0,152
0,144
0,136
0,128
0,12
0,112
0,104
0,096
0,088
0,08
0,072
0,0639999999999999
0,0560000000000001
0,048
0,04
0,032
0,024
0,016
0,00800000000000001
0
