0
0,0117647058823529
0,0235294117647059
0,0352941176470588
0,0470588235294118
0,0588235294117647
0,0705882352941176
0,0823529411764706
0,0941176470588235
0,105882352941176
0,117647058823529
0,129411764705882
0,141176470588235
0,152941176470588
0,164705882352941
0,176470588235294
0,188235294117647
0,2
0,211764705882353
0,223529411764706
0,235294117647059
0,247058823529412
0,258823529411765
0,270588235294118
0,282352941176471
0,294117647058824
0,305882352941176
0,317647058823529
0,329411764705882
0,341176470588235
0,352941176470588
0,364705882352941
0,376470588235294
0,388235294117647
0,4
0,411764705882353
0,423529411764706
0,435294117647059
0,447058823529412
0,458823529411765
0,470588235294118
0,482352941176471
0,494117647058824
0,505882352941176
0,517647058823529
0,529411764705882
0,541176470588235
0,552941176470588
0,564705882352941
0,576470588235294
0,588235294117647
0,6
0,611764705882353
0,623529411764706
0,635294117647059
0,647058823529412
0,658823529411765
0,670588235294118
0,682352941176471
0,694117647058824
0,705882352941177
0,717647058823529
0,729411764705882
0,741176470588235
0,752941176470588
0,764705882352941
0,776470588235294
0,788235294117647
0,8
0,811764705882353
0,823529411764706
0,835294117647059
0,847058823529412
0,858823529411765
0,870588235294118
0,882352941176471
0,894117647058824
0,905882352941176
0,917647058823529
0,929411764705882
0,941176470588235
0,952941176470588
0,964705882352941
0,976470588235294
0,988235294117647
1
1,01176470588235
1,02352941176471
1,03529411764706
1,04705882352941
1,05882352941176
1,07058823529412
1,08235294117647
1,09411764705882
1,10588235294118
1,11764705882353
1,12941176470588
1,14117647058824
1,15294117647059
1,16470588235294
1,17647058823529
1,18823529411765
1,2
1,21176470588235
1,22352941176471
1,23529411764706
1,24705882352941
1,25882352941176
1,27058823529412
1,28235294117647
1,29411764705882
1,30588235294118
1,31764705882353
1,32941176470588
1,34117647058824
1,35294117647059
1,36470588235294
1,37647058823529
1,38823529411765
1,4
1,41176470588235
1,42352941176471
1,43529411764706
1,44705882352941
1,45882352941176
1,47058823529412
1,48235294117647
1,49411764705882
1,50588235294118
1,51764705882353
1,52941176470588
1,54117647058824
1,55294117647059
1,56470588235294
1,57647058823529
1,58823529411765
1,6
1,61176470588235
1,62352941176471
1,63529411764706
1,64705882352941
1,65882352941176
1,67058823529412
1,68235294117647
1,69411764705882
1,70588235294118
1,71764705882353
1,72941176470588
1,74117647058824
1,75294117647059
1,76470588235294
1,77647058823529
1,78823529411765
1,8
1,81176470588235
1,82352941176471
1,83529411764706
1,84705882352941
1,85882352941176
1,87058823529412
1,88235294117647
1,89411764705882
1,90588235294118
1,91764705882353
1,92941176470588
1,94117647058824
1,95294117647059
1,96470588235294
1,97647058823529
1,98823529411765
2
2,01176470588235
2,02352941176471
2,03529411764706
2,04705882352941
2,05882352941176
2,07058823529412
2,08235294117647
2,09411764705882
2,10588235294118
2,11764705882353
2,12941176470588
2,14117647058824
2,15294117647059
2,16470588235294
2,17647058823529
2,18823529411765
2,2
2,21176470588235
2,22352941176471
2,23529411764706
2,24705882352941
2,25882352941176
2,27058823529412
2,28235294117647
2,29411764705882
2,30588235294118
2,31764705882353
2,32941176470588
2,34117647058824
2,35294117647059
2,36470588235294
2,37647058823529
2,38823529411765
2,4
2,41176470588235
2,42352941176471
2,43529411764706
2,44705882352941
2,45882352941176
2,47058823529412
2,48235294117647
2,49411764705882
2,50588235294118
2,51764705882353
2,52941176470588
2,54117647058824
2,55294117647059
2,56470588235294
2,57647058823529
2,58823529411765
2,6
2,61176470588235
2,62352941176471
2,63529411764706
2,64705882352941
2,65882352941176
2,67058823529412
2,68235294117647
2,69411764705882
2,70588235294118
2,71764705882353
2,72941176470588
2,74117647058824
2,75294117647059
2,76470588235294
2,77647058823529
2,78823529411765
2,8
2,81176470588235
2,82352941176471
2,83529411764706
2,84705882352941
2,85882352941176
2,87058823529412
2,88235294117647
2,89411764705882
2,90588235294118
2,91764705882353
2,92941176470588
2,94117647058824
2,95294117647059
2,96470588235294
2,97647058823529
2,98823529411765
3
